[gd_scene format=3 uid="uid://chl2k1t6hoxl0"]

[ext_resource type="PackedScene" uid="uid://dnofohb10icx7" path="res://Scenes/hands.tscn" id="3_ksyp5"]

[sub_resource type="Animation" id="Animation_7ak7g"]
resource_name = "idle"

[sub_resource type="AnimationLibrary" id="AnimationLibrary_ksyp5"]
_data = {
&"idle": SubResource("Animation_7ak7g")
}

[node name="ViewCam" type="Camera3D" unique_id=1319821979]
process_priority = 1
cull_mask = 524288
current = true
fov = 35.0
near = 0.01

[node name="WeaponRig" type="Node3D" parent="." unique_id=1288314729 groups=["weapon"]]
transform = Transform3D(1, 0, 0, 0, 1, 0, 0, 0, 1, 0, -1.4742575, 0.39339018)

[node name="hands" parent="WeaponRig" unique_id=948130663 instance=ExtResource("3_ksyp5")]
transform = Transform3D(0.055, 0, 0, 0, 0.055, 0, 0, 0, 0.055, 0, -0.020904051, 0.03720217)

[node name="right_hand" parent="WeaponRig/hands" index="0" unique_id=1335122792]
transform = Transform3D(-0.6724987, -0.64294404, 0.36656204, 0.4524439, -0.7491098, -0.48386815, 0.58569545, -0.15955201, 0.7946719, 3.6621656, 24.702404, -16.741926)

[node name="index_0" parent="WeaponRig/hands/right_hand" index="1" unique_id=996744154]
transform = Transform3D(0.99999994, 0, 0, 0, 0.8211491, -0.5707135, 0, 0.5707135, 0.82114905, 0.6355153, 0, -1.8432965)

[node name="index_1" parent="WeaponRig/hands/right_hand/index_0" index="0" unique_id=374758668]
transform = Transform3D(1, 0, 0, 0, 0.9799246, -0.19936791, 0, 0.19936791, 0.9799246, 0, 0, -0.5205416)

[node name="index_2" parent="WeaponRig/hands/right_hand/index_0/index_1" index="0" unique_id=891498145]
transform = Transform3D(1, 0, 0, 0, 0.8211491, -0.5707135, 0, 0.5707135, 0.8211491, 0, 0, -0.49683595)

[node name="middle_0" parent="WeaponRig/hands/right_hand" index="2" unique_id=46862575]
transform = Transform3D(1, 0, 0, 0, 0.8211491, -0.5707135, 0, 0.5707135, 0.8211491, 0.21942228, 0, -1.963667)

[node name="middle_1" parent="WeaponRig/hands/right_hand/middle_0" index="0" unique_id=926253196]
transform = Transform3D(1, 0, 0, 0, 0.8211491, -0.5707135, 0, 0.5707135, 0.8211491, 0, 0, -0.59544945)

[node name="middle_2" parent="WeaponRig/hands/right_hand/middle_0/middle_1" index="0" unique_id=1040840534]
transform = Transform3D(1, 0, 0, 0, 0.8211491, -0.5707135, 0, 0.5707135, 0.8211491, 0, 0, -0.5765768)

[node name="pinky_0" parent="WeaponRig/hands/right_hand" index="3" unique_id=331500270]
transform = Transform3D(1, 0, 0, 0, 0.8211491, -0.5707135, 0, 0.5707135, 0.8211491, -0.6369156, 0, -1.8759395)

[node name="pinky_1" parent="WeaponRig/hands/right_hand/pinky_0" index="0" unique_id=1889944088]
transform = Transform3D(1, 0, 0, 0, 0.8211491, -0.5707135, 0, 0.5707135, 0.8211491, 0, 0, -0.5086312)

[node name="pinky_2" parent="WeaponRig/hands/right_hand/pinky_0/pinky_1" index="0" unique_id=948764741]
transform = Transform3D(1, 0, 0, 0, 0.8211491, -0.5707135, 0, 0.5707135, 0.8211491, 0, 0, -0.48415732)

[node name="ring_0" parent="WeaponRig/hands/right_hand" index="4" unique_id=106714196]
transform = Transform3D(1, 0, 0, 0, 0.8211491, -0.5707135, 0, 0.5707135, 0.8211491, -0.2216101, 0, -1.9495702)

[node name="ring_1" parent="WeaponRig/hands/right_hand/ring_0" index="0" unique_id=416593185]
transform = Transform3D(1, 0, 0, 0, 0.8211491, -0.5707135, 0, 0.5707135, 0.8211491, 0, 0, -0.5784105)

[node name="ring_2" parent="WeaponRig/hands/right_hand/ring_0/ring_1" index="0" unique_id=1279319739]
transform = Transform3D(1, 0, 0, 0, 0.8211491, -0.5707135, 0, 0.5707135, 0.8211491, 0, 0, -0.55843866)

[node name="left_hand" parent="WeaponRig/hands" index="1" unique_id=2037377838]
transform = Transform3D(0.7275047, -0.49722093, -0.4727665, 0.324104, 0.8563859, -0.40194476, 0.6047259, 0.13919112, 0.7841764, -4.219413, 24.065243, -18.510895)

[node name="index_1" parent="WeaponRig/hands/left_hand/index_0" parent_id_path=PackedInt32Array(948130663, 1762053051) index="0" unique_id=1759475512]
transform = Transform3D(0.6971651, 0.71691066, 0, -0.70226794, 0.68292564, 0.20107792, 0.1441549, -0.1401845, 0.9795753, 0, 0, -0.5205416)

[node name="thumb_0" parent="WeaponRig/hands/left_hand" index="5" unique_id=576904656]
transform = Transform3D(1.1042011, 0.46643275, 0, -0.46643275, 1.1042011, 0, 0, 0, 1.1986741, 0.71162975, -0.053870723, -0.36542696)

[node name="thumb_1" parent="WeaponRig/hands/left_hand/thumb_0" index="0" unique_id=1806865615]
transform = Transform3D(0.9211853, 0.38912395, 0, -0.38912395, 0.9211853, 0, 0, 0, 1, 0.41884798, 0, -0.5414748)

[node name="thumb_2" parent="WeaponRig/hands/left_hand/thumb_0/thumb_1" index="0" unique_id=1717293313]
transform = Transform3D(0.9211853, 0.38912395, 0, -0.38912395, 0.9211853, 0, 0, 0, 1, 0.28644383, 0, -0.39743483)

[node name="AnimationTree" type="AnimationPlayer" parent="WeaponRig/hands" unique_id=1109696373]
libraries/ = SubResource("AnimationLibrary_ksyp5")

[editable path="WeaponRig/hands"]
