[gd_scene format=3 uid="uid://bou3w56xm8geo"]

[ext_resource type="Script" uid="uid://l2t0fq1ep3in" path="res://Scripts/Director.gd" id="1_5nsto"]
[ext_resource type="PackedScene" uid="uid://b2qx3gasbyjlo" path="res://Scenes/HUD.tscn" id="1_45d1s"]
[ext_resource type="PackedScene" uid="uid://8dwo1d2d67qo" path="res://Scenes/upgrade_screen.tscn" id="1_gjpho"]
[ext_resource type="PackedScene" uid="uid://c0jp8fyq4bgcf" path="res://Scenes/GameOverScreen.tscn" id="1_y7y61"]
[ext_resource type="PackedScene" uid="uid://c3qw14r6douqb" path="res://Scenes/Enemy.tscn" id="2_gjpho"]
[ext_resource type="PackedScene" uid="uid://bba1rtjmy8a0l" path="res://Scenes/Player.tscn" id="3_p70al"]
[ext_resource type="PackedScene" uid="uid://cy1157csxkn7g" path="res://Telegraph_Scene.tscn" id="4_d2jk0"]
[ext_resource type="Script" uid="uid://xfslssbcxm88" path="res://Scripts/upgrades/UpgradeManager.gd" id="4_mvfa8"]
[ext_resource type="AudioStream" uid="uid://pmcd1fnre3vf" path="res://Assets/Sounds/warningsound.mp3" id="4_n1aqv"]
[ext_resource type="AudioStream" uid="uid://bg177k36xf01q" path="res://Assets/Sounds/incant.mp3" id="5_n1aqv"]
[ext_resource type="Script" uid="uid://d0cgobcghafpp" path="res://Scripts/upgrades/RunHooks.gd" id="5_p70al"]
[ext_resource type="Script" uid="uid://cpsts44t5urjv" path="res://Scripts/upgrades/UpgradeData.gd" id="5_r0dna"]
[ext_resource type="Resource" uid="uid://bvxj8j5uhqgc3" path="res://Scripts/upgrades/data/move_speed_up.tres" id="6_b5aes"]
[ext_resource type="PackedScene" uid="uid://byujljsy5qhu1" path="res://Scenes/ScreenFader.tscn" id="7_q2d71"]
[ext_resource type="Resource" uid="uid://2b8yk6wvpoul" path="res://Scripts/upgrades/data/fire_rate_up.tres" id="7_w0bku"]
[ext_resource type="Resource" uid="uid://de6beud2jv2ye" path="res://Scripts/upgrades/data/damage_up.tres" id="8_0ao37"]
[ext_resource type="Resource" uid="uid://xfgefhjvboio" path="res://Scripts/upgrades/data/jump_vel.tres" id="9_33kev"]
[ext_resource type="PackedScene" uid="uid://ba768gedrunjg" path="res://Scenes/tower.tscn" id="9_kn06e"]
[ext_resource type="Resource" uid="uid://icifdnnsrqsh" path="res://MagicMissile.tres" id="9_ti1bm"]
[ext_resource type="PackedScene" uid="uid://c8a5s64pbm82q" path="res://Scenes/walls.tscn" id="9_uo7di"]
[ext_resource type="Resource" uid="uid://etcrpyiheqjb" path="res://Scripts/upgrades/data/crit_chance.tres" id="10_g01fq"]
[ext_resource type="Resource" uid="uid://serm4imhucch" path="res://Scripts/upgrades/data/life_regen.tres" id="11_0bcf6"]
[ext_resource type="PackedScene" uid="uid://chl2k1t6hoxl0" path="res://Scenes/ViewCam.tscn" id="11_7yo87"]
[ext_resource type="Resource" uid="uid://b5wrv57imlu13" path="res://Scripts/upgrades/data/projectiles.tres" id="14_mq4nq"]
[ext_resource type="Resource" uid="uid://ddbinyqeh7ayu" path="res://Scripts/upgrades/data/max_hp_up.tres" id="16_g01fq"]
[ext_resource type="PackedScene" uid="uid://se74irodpl8i" path="res://Scenes/DamageNumber.tscn" id="17_ao4cr"]
[ext_resource type="Script" uid="uid://b3vra038m6gwv" path="res://Scripts/DamageNumbersLayer.gd" id="22_ao4cr"]
[ext_resource type="Resource" uid="uid://d1qrptn40fwle" path="res://chainlightning.tres" id="25_0bcf6"]
[ext_resource type="Resource" uid="uid://dq14m3ra82cuy" path="res://fireball.tres" id="25_mq4nq"]
[ext_resource type="PackedScene" uid="uid://b1yicvwa7lffw" path="res://Scenes/LightningBeam.tscn" id="26_0bcf6"]
[ext_resource type="Resource" uid="uid://djhpc66qu5ss8" path="res://ArcGun.tres" id="27_uvb3s"]
[ext_resource type="AudioStream" uid="uid://lc6sk3t8urnq" path="res://Assets/Sounds/mm_cast.mp3" id="29_uvb3s"]
[ext_resource type="PackedScene" uid="uid://c8bxy1wypdxk0" path="res://Scenes/ArcGunProjectile.tscn" id="30_5dli4"]
[ext_resource type="AudioStream" uid="uid://c2etaa1d6yebb" path="res://Assets/Sounds/mm_shoot.mp3" id="31_d4o7i"]
[ext_resource type="Texture2D" uid="uid://rglbv2qcc5dm" path="res://Assets/Textures/dirt_text.jpg" id="32_371b6"]
[ext_resource type="PackedScene" uid="uid://co01o5bii6vsr" path="res://Scenes/stone.tscn" id="32_ao4cr"]
[ext_resource type="Material" uid="uid://fa4tvrn8ktbk" path="res://Assets/Materials/floor_mat.tres" id="33_irg3d"]
[ext_resource type="Material" uid="uid://ctkut7vlmsdin" path="res://Assets/Materials/dirt_mat.tres" id="34_y8a40"]
[ext_resource type="AudioStream" uid="uid://djwu15tmnmdif" path="res://Assets/Sounds/ambience.mp3" id="36_y8a40"]
[ext_resource type="PackedScene" uid="uid://btufsckmvxbdn" path="res://Scenes/PackAPunchMachine.tscn" id="37_n1aqv"]

[sub_resource type="ProceduralSkyMaterial" id="ProceduralSkyMaterial_kn06e"]
sky_horizon_color = Color(0.66224277, 0.6717428, 0.6867428, 1)
ground_horizon_color = Color(0.66224277, 0.6717428, 0.6867428, 1)

[sub_resource type="Sky" id="Sky_7yo87"]
sky_material = SubResource("ProceduralSkyMaterial_kn06e")

[sub_resource type="Environment" id="Environment_ti1bm"]
background_mode = 2
sky = SubResource("Sky_7yo87")
tonemap_mode = 2
glow_enabled = true
fog_enabled = true
fog_light_color = Color(0.43191856, 0.5734833, 0.64844275, 1)
fog_depth_curve = 0.59460354
fog_depth_begin = 5.0

[sub_resource type="BoxMesh" id="BoxMesh_5dli4"]
material = ExtResource("33_irg3d")
size = Vector3(72, 10, 72)

[sub_resource type="BoxShape3D" id="BoxShape3D_uo7di"]
size = Vector3(70, 10, 70)

[sub_resource type="StandardMaterial3D" id="StandardMaterial3D_y8a40"]
albedo_texture = ExtResource("32_371b6")
uv1_scale = Vector3(-0.025, -0.025, -0.025)
uv1_triplanar = true

[node name="World" type="Node3D" unique_id=453812787]

[node name="WorldEnvironment" type="WorldEnvironment" parent="." unique_id=214763159]
environment = SubResource("Environment_ti1bm")

[node name="DirectionalLight3D" type="DirectionalLight3D" parent="." unique_id=1884147217]
transform = Transform3D(-0.86708915, -0.434575, 0.24351805, -0.0052823946, 0.4968355, 0.86782867, -0.49812505, 0.7511985, -0.43309623, 0, 28.628138, 0)
layers = 1048575
shadow_enabled = true

[node name="GameStates" type="Node" parent="." unique_id=615229750]

[node name="RunHooks" type="Node" parent="GameStates" unique_id=629901134 node_paths=PackedStringArray("player", "upgrade_screen", "game_over_screen", "screen_fader", "director", "level_system", "stats", "upgrades", "health")]
script = ExtResource("5_p70al")
player = NodePath("../../Player")
upgrade_screen = NodePath("../../UI/Canv_Fade/UpgradeScreen")
game_over_screen = NodePath("../../UI/Canv_Fade/GameOverScreen")
screen_fader = NodePath("../../UI/Canv_Fade/ScreenFader")
director = NodePath("../Director")
level_system = NodePath("../../Player/LevelSystem")
stats = NodePath("../../Player/PlayerStats")
upgrades = NodePath("../UpgradeManager")
health = NodePath("../../Player/PlayerHealth")
void_kill_y = -100.0

[node name="Director" type="Node" parent="GameStates" unique_id=1563088560]
script = ExtResource("1_5nsto")
enemy_scene = ExtResource("2_gjpho")
max_spawns_per_second = 8.0
max_alive_enemies = 200
burst_telegraph_delay = 0.2
ground_mask = 1
avoid_mask = 1
avoid_radius = 0.6
telegraph_scene = ExtResource("4_d2jk0")
telegraph_sound = ExtResource("4_n1aqv")
spawn_sound = ExtResource("5_n1aqv")
spawn_volume_db = 0.0

[node name="UpgradeManager" type="Node" parent="GameStates" unique_id=1077308573]
script = ExtResource("4_mvfa8")
all_upgrades = Array[ExtResource("5_r0dna")]([ExtResource("8_0ao37"), ExtResource("7_w0bku"), ExtResource("6_b5aes"), ExtResource("9_33kev"), ExtResource("10_g01fq"), ExtResource("11_0bcf6"), ExtResource("14_mq4nq"), ExtResource("16_g01fq")])

[node name="UI" type="Node" parent="." unique_id=1103826466]

[node name="Canv_HUD" type="CanvasLayer" parent="UI" unique_id=1025217641]

[node name="HUD" parent="UI/Canv_HUD" unique_id=1975167068 node_paths=PackedStringArray("player", "enemy_count_label", "essence_label", "pap_label") instance=ExtResource("1_45d1s")]
mouse_filter = 2
player = NodePath("../../../Player")
enemy_count_label = NodePath("EnemyCountLabel")
essence_label = NodePath("EssenceLabel")
pap_label = NodePath("PAPLabel")

[node name="EnemyIndicator" parent="UI/Canv_HUD/HUD" index="9" unique_id=1935920187]
player_path = NodePath("../../../../Player")
camera_path = NodePath("../../../../Player/Head/WorldCam")
show_only_if_behind = false
color_curve_power = 3.0
alpha_curve_power = 3.0

[node name="StatBlock" parent="UI/Canv_HUD/HUD" index="11" unique_id=1916233769 node_paths=PackedStringArray("stats")]
stats = NodePath("../../../../Player/PlayerStats")

[node name="DamageNumbersLayer" type="CanvasLayer" parent="UI" unique_id=1812757444 node_paths=PackedStringArray("camera")]
script = ExtResource("22_ao4cr")
camera = NodePath("../../Player/Head/WorldCam")
number_scene = ExtResource("17_ao4cr")
base_scale = 1.015
crit_scale_mult = 1.515

[node name="Canv_Fade" type="CanvasLayer" parent="UI" unique_id=467776662]
layer = 5

[node name="ScreenFader" parent="UI/Canv_Fade" unique_id=243986901 instance=ExtResource("7_q2d71")]
process_mode = 3
visible = false
z_index = -1

[node name="GameOverScreen" parent="UI/Canv_Fade" unique_id=1227436529 instance=ExtResource("1_y7y61")]
process_mode = 3

[node name="UpgradeScreen" parent="UI/Canv_Fade" unique_id=847933536 instance=ExtResource("1_gjpho")]
process_mode = 3
randomize_pitch = true

[node name="Player" parent="." unique_id=111841163 instance=ExtResource("3_p70al")]
transform = Transform3D(1, 0, 0, 0, 1, 0, 0, 0, 1, 42.34855, 16.405642, 49.311348)
speed_lines_max_density = 0.7

[node name="WorldCam" parent="Player/Head" parent_id_path=PackedInt32Array(111841163, 419456813) index="0" unique_id=1011416034]
near = 0.1

[node name="SpellCaster" parent="Player" index="6" unique_id=392683619 node_paths=PackedStringArray("chainlightning", "magicmissile", "fireball", "arcgun", "stats", "camera")]
chainlightning = NodePath("ChainLightning")
magicmissile = NodePath("MagicMissile")
fireball = NodePath("Fireball")
arcgun = NodePath("ArcGun")
spell_chainlightning = ExtResource("25_0bcf6")
spell_fireball = ExtResource("25_mq4nq")
spell_magicmissile = ExtResource("9_ti1bm")
spell_arcgun = ExtResource("27_uvb3s")
stats = NodePath("../PlayerStats")
camera = NodePath("../Head/WorldCam")

[node name="ChainLightning" parent="Player/SpellCaster" index="0" unique_id=1392762653]
chain_damage_mult = 0.7
beam_scene = ExtResource("26_0bcf6")

[node name="Fireball" parent="Player/SpellCaster" index="1" unique_id=388899861]
projectile_speed = 8.0
spawn_distance_from_cam = 0.3
explosion_radius = 5.0
aoe_damage_mult = 1.0

[node name="MagicMissile" parent="Player/SpellCaster" index="2" unique_id=1813416411 node_paths=PackedStringArray("camera", "stats")]
camera = NodePath("../../Head/WorldCam")
stats = NodePath("../../PlayerStats")
sfx_cast = ExtResource("29_uvb3s")
sfx_charge_loop = ExtResource("29_uvb3s")
sfx_flight_loop = ExtResource("31_d4o7i")

[node name="ArcGun" parent="Player/SpellCaster" index="3" unique_id=420379538 node_paths=PackedStringArray("camera", "stats")]
camera = NodePath("../../Head/WorldCam")
stats = NodePath("../../PlayerStats")
projectile_scene = ExtResource("30_5dli4")

[node name="HandCastAnimator" parent="Player" index="8" unique_id=2019263904]
anim_player_path = NodePath("../HandsOverlay/SubViewportContainer/SubViewport/ViewCam/WeaponRig/arms/AnimationPlayer")
cast_anim_name = &"Magic_spell_attack"

[node name="HurtFX" parent="Player" index="11" unique_id=467966412 node_paths=PackedStringArray("hurt_flash")]
hurt_flash = NodePath("../../UI/Canv_HUD/HUD/HurtFlash")

[node name="HandsOverlay" type="CanvasLayer" parent="Player" unique_id=1778965903]
layer = -1

[node name="SubViewportContainer" type="SubViewportContainer" parent="Player/HandsOverlay" unique_id=432757317]
anchors_preset = 15
anchor_right = 1.0
anchor_bottom = 1.0
grow_horizontal = 2
grow_vertical = 2
mouse_filter = 2
stretch = true

[node name="SubViewport" type="SubViewport" parent="Player/HandsOverlay/SubViewportContainer" unique_id=1981594871]
transparent_bg = true
handle_input_locally = false
size = Vector2i(1152, 648)
render_target_update_mode = 4

[node name="ViewCam" parent="Player/HandsOverlay/SubViewportContainer/SubViewport" unique_id=1319821979 instance=ExtResource("11_7yo87")]
transform = Transform3D(1, 0, 0, 0, 1, 0, 0, 0, 1, 0, 1.5, -11.691832)

[node name="Skeleton3D" parent="Player/HandsOverlay/SubViewportContainer/SubViewport/ViewCam/WeaponRig/arms/arms_armature" parent_id_path=PackedInt32Array(1319821979, 1269669271, 731591147) index="0" unique_id=2017600432]
bones/3/rotation = Quaternion(-0.026996087, 0.75851554, -0.64777946, -0.06562864)
bones/4/rotation = Quaternion(0.028665742, 0.34369487, 0.35906988, 0.86724913)
bones/6/rotation = Quaternion(0.02162823, -0.7392342, 0.6729616, -0.013702676)
bones/7/rotation = Quaternion(0.045754753, -0.26148364, -0.7000191, 0.6629526)
bones/8/position = Vector3(0.23532122, 1.0777786, 0.057508707)
bones/8/rotation = Quaternion(0.27392, -0.65804946, -0.41906893, 0.56242335)
bones/9/position = Vector3(-0.005956905, -0.00043518783, 0.0021448464)
bones/9/rotation = Quaternion(-0.12166718, 0.017341485, -0.7022028, 0.70129)
bones/10/rotation = Quaternion(0.08026638, 0.777713, 0.0004496113, 0.6234738)
bones/11/position = Vector3(-0.000108436274, 0.0556262, -0.0008047006)
bones/11/rotation = Quaternion(0.08008806, -0.011394995, -0.044219483, 0.99574137)
bones/12/rotation = Quaternion(0.24226665, -0.015473752, 0.02933663, 0.96964264)
bones/13/rotation = Quaternion(0.019892909, 0.027608106, 0.008964437, 0.99938065)
bones/14/rotation = Quaternion(0.09563669, 0.51591164, 0.33633634, 0.78202724)
bones/15/rotation = Quaternion(0.1303121, -0.013203436, -0.016199207, 0.99125284)
bones/16/rotation = Quaternion(0.16368492, -0.020791717, -0.0027323333, 0.9862898)
bones/18/position = Vector3(-1.7929051e-05, 0.054970495, -0.0007019982)
bones/18/rotation = Quaternion(0.16598544, 0.014289256, -0.013880544, 0.985927)
bones/19/rotation = Quaternion(0.22865117, -0.018340072, 0.008714277, 0.9732967)
bones/20/rotation = Quaternion(0.025937624, -0.020894807, 0.002781656, 0.9994414)
bones/21/rotation = Quaternion(-0.014422309, 0.6859694, -0.07072335, 0.7240416)
bones/22/position = Vector3(6.9274292e-06, 0.055522025, -0.0005428056)
bones/22/rotation = Quaternion(0.25765365, 0.02178189, 0.011243849, 0.96592635)
bones/23/rotation = Quaternion(0.21640937, -0.004946872, 0.022077598, 0.9760406)
bones/24/rotation = Quaternion(0.041136798, -0.00034501878, -4.1341295e-06, 0.99915355)
bones/25/rotation = Quaternion(-0.040540982, 0.64978623, -0.12624256, 0.74846315)
bones/26/position = Vector3(2.5572886e-05, 0.05243117, -0.00051923754)
bones/26/rotation = Quaternion(0.26992726, -0.038003877, 0.005403894, 0.9621153)
bones/27/rotation = Quaternion(0.17191817, -0.0066784914, -0.011613023, 0.9850201)
bones/28/rotation = Quaternion(0.03943975, -0.01483756, 0.024118502, 0.99882066)
bones/29/position = Vector3(-0.23172432, 1.2869993, 0.22873479)
bones/29/rotation = Quaternion(0.09021241, 0.77804077, 0.057448365, 0.61904275)
bones/29/scale = Vector3(0.99999994, 0.99999994, 0.99999994)
bones/30/position = Vector3(0.005956908, -0.00043527546, 0.002144874)
bones/31/position = Vector3(0.0054915273, 0.03965887, 0.02765503)
bones/31/rotation = Quaternion(0.080266364, -0.777713, -0.00044960045, 0.6234738)
bones/32/position = Vector3(-1.3126673e-08, 0.056967217, -2.8822282e-07)
bones/32/rotation = Quaternion(0.18849932, 0.0076659005, -0.013448759, 0.9819514)
bones/33/rotation = Quaternion(0.24226663, 0.015473747, -0.029336637, 0.96964264)
bones/34/rotation = Quaternion(0.019892905, -0.027608115, -0.0089644445, 0.99938065)
bones/35/rotation = Quaternion(0.13293223, -0.51923865, -0.27228948, 0.79911125)
bones/36/rotation = Quaternion(0.054683324, -0.0006407979, 0.029225277, 0.9980758)
bones/37/rotation = Quaternion(0.096974574, 0.012133767, 0.03657802, 0.9945405)
bones/38/position = Vector3(0.008603774, 0.04285623, 0.0072543533)
bones/38/rotation = Quaternion(0.039410025, -0.70135057, 0.04056898, 0.7105691)
bones/39/position = Vector3(-1.4025958e-09, 0.055626266, 2.8721104e-08)
bones/39/rotation = Quaternion(0.31817535, -0.011941941, 0.015944997, 0.9478226)
bones/41/rotation = Quaternion(0.02593763, 0.020894807, -0.0027816615, 0.9994414)
bones/42/position = Vector3(0.007868793, 0.040603243, -0.011136859)
bones/42/rotation = Quaternion(-0.01442231, -0.6859694, 0.07072335, 0.7240416)
bones/43/position = Vector3(6.010644e-10, 0.05632976, -9.121774e-09)
bones/43/rotation = Quaternion(0.3670574, -0.02293071, -0.008663542, 0.9298753)
bones/44/rotation = Quaternion(0.21640937, 0.00494686, -0.022077601, 0.9760406)
bones/45/rotation = Quaternion(0.041136783, 0.00034500373, 4.1347034e-06, 0.99915355)
bones/46/rotation = Quaternion(-0.040540993, -0.64978623, 0.12624255, 0.74846315)
bones/47/position = Vector3(-3.4247318e-08, 0.053812783, -2.1447192e-07)
bones/47/rotation = Quaternion(0.28241175, 0.037930418, -0.005897492, 0.958525)
bones/48/rotation = Quaternion(0.17191812, 0.0066784685, 0.011613011, 0.9850202)
bones/49/rotation = Quaternion(0.039439738, 0.014837562, -0.024118481, 0.99882066)

[node name="statics" type="Node" parent="." unique_id=1329344165]

[node name="Tower" parent="statics" unique_id=2114612622 instance=ExtResource("9_kn06e")]
transform = Transform3D(2.9722862, 0.40683544, 0, -0.40683544, 2.9722862, 0, 0, 0, 3, 3.415676, -1.26408, -30.695646)
metadata/footstep_surface = "stone"

[node name="Tower4" parent="statics" unique_id=296234923 instance=ExtResource("9_kn06e")]
transform = Transform3D(0.033752978, 2.1516085, -2.0903215, -2.1951966, 1.4424477, 1.449294, 2.0444973, 1.5132496, 1.5906305, -5.111803, 9.903331, -41.374367)
metadata/footstep_surface = "stone"

[node name="Tower2" parent="statics" unique_id=1633041765 instance=ExtResource("9_kn06e")]
transform = Transform3D(2.9729638, -0.40046704, 0.033367738, 0.40185475, 2.962697, -0.24685803, 0, 0.24910296, 2.98964, 23, -2.656622, 21)
metadata/footstep_surface = "stone"

[node name="Tower6" parent="statics" unique_id=252361440 instance=ExtResource("9_kn06e")]
transform = Transform3D(-2.8699284, 0.74233276, -0.4609294, 0.82444334, 2.8247526, -0.5840088, 0.28949475, -0.6853579, -2.906283, 60.93214, 13.015387, -59.570152)
metadata/footstep_surface = "stone"

[node name="Tower8" parent="statics" unique_id=1038697834 instance=ExtResource("9_kn06e")]
transform = Transform3D(-1.8356111, 1.4084342, 1.9096717, 1.112338, 2.643411, -0.8803876, -2.0960047, 0.16938372, -2.1396427, 31.004925, -0.4508524, -43.058357)
metadata/footstep_surface = "stone"

[node name="Tower10" parent="statics" unique_id=805651426 instance=ExtResource("9_kn06e")]
transform = Transform3D(1.8850673, -0.4727854, 2.285386, 2.0373888, -1.0994346, -1.9079545, 1.1382284, 2.750948, -0.36975348, 23.004017, 35.46403, -63.224415)
metadata/footstep_surface = "stone"

[node name="Tower3" parent="statics" unique_id=715385468 instance=ExtResource("9_kn06e")]
transform = Transform3D(-0.36942947, -0.4790687, -2.9383698, 0.2818926, 2.9419742, -0.5150976, 2.9637914, -0.33953232, -0.31726864, -25.57179, -3.8594513, 25.21036)
metadata/footstep_surface = "stone"

[node name="Tower7" parent="statics" unique_id=1538101111 instance=ExtResource("9_kn06e")]
transform = Transform3D(0.33323666, 0.23933122, 2.9718132, 0.17628287, 2.9835052, -0.26003984, -2.9762187, 0.20351154, 0.3173411, -20.667078, -3.038084, 15.391805)
metadata/footstep_surface = "stone"

[node name="Tower9" parent="statics" unique_id=1768136098 instance=ExtResource("9_kn06e")]
transform = Transform3D(2.4290195, 0, -1.7606432, 0, 3, 0, 1.7606432, 0, 2.4290195, -12.421625, -0.12756062, 7.963952)
metadata/footstep_surface = "stone"

[node name="Tower5" parent="statics" unique_id=566632445 instance=ExtResource("9_kn06e")]
transform = Transform3D(2.9665349, -0.44390684, 0.0511655, 0.44322482, 2.8795009, -0.7155617, 0.056770533, 0.71513873, 2.912963, -31.442276, -4.4486, 29.902988)
metadata/footstep_surface = "stone"

[node name="Walls" parent="statics" unique_id=1348878863 instance=ExtResource("9_uo7di")]
transform = Transform3D(0.97790015, 0.18379733, 0.09964848, -0.20907243, 0.85968024, 0.46608856, 0, -0.47662184, 0.8791084, 11, -0.11551857, -16)
metadata/footstep_surface = "stone"

[node name="Walls8" parent="statics" unique_id=1396626152 instance=ExtResource("9_uo7di")]
transform = Transform3D(0.6910332, 0.46712047, -0.55160826, -0.2090724, 0.8596801, 0.46608847, 0.6919262, -0.20675658, 0.69172955, 27.314594, 1.790432, 7.2252426)
metadata/footstep_surface = "stone"

[node name="Walls2" parent="statics" unique_id=71518215 instance=ExtResource("9_uo7di")]
transform = Transform3D(0.8585664, 0, 0.51270235, 0, 1, 0, -0.51270235, 0, 0.8585664, -10.833212, -0.68736935, 19.897503)
metadata/footstep_surface = "stone"

[node name="stone" parent="statics" unique_id=2123473406 instance=ExtResource("32_ao4cr")]
transform = Transform3D(0.47893697, -0.299911, -0.82502896, 0, 0.9398298, -0.34164292, 0.8778493, 0.16362542, 0.45011926, -7.968347, -0.11841297, -34.273388)
metadata/footstep_surface = "stone"

[node name="stone2" parent="statics" unique_id=1425173398 instance=ExtResource("32_ao4cr")]
transform = Transform3D(1, 0, 0, 0, 0.9398298, -0.34164292, 0, 0.34164292, 0.9398298, -13.038465, 3.081098, -35.321148)

[node name="stone3" parent="statics" unique_id=1661196152 instance=ExtResource("32_ao4cr")]
transform = Transform3D(3.0534964, 1.4510151, -3.6518183, -4.538797, 1.446209, -2.219094, -0.5201004, -4.1018605, -2.0742092, -34.348892, 3.5504045, -35.05007)
metadata/footstep_surface = "stone"

[node name="stone4" parent="statics" unique_id=1759254944 instance=ExtResource("32_ao4cr")]
transform = Transform3D(0.9237408, -2.1417131, 0.10951519, 1.427948, 0.7032452, 1.7084014, -1.5999665, -0.6088815, 1.5879532, -57.348892, 8.306734, -7.0500717)
metadata/footstep_surface = "stone"

[node name="Walls3" parent="statics" unique_id=1008833160 instance=ExtResource("9_uo7di")]
transform = Transform3D(0.9779366, 0, 0.20890167, 0, 1, 0, -0.20890167, 0, 0.9779366, -7.31147, 2, -20.057621)

[node name="Walls6" parent="statics" unique_id=1432086533 instance=ExtResource("9_uo7di")]
transform = Transform3D(0.89745444, -0.26852086, -0.34996003, 0.05828298, 0.85859597, -0.5093286, 0.43723968, 0.43670258, 0.78620124, 31.3793, 6.6870527, -59.511127)
metadata/footstep_surface = "stone"

[node name="Walls5" parent="statics" unique_id=1728580826 instance=ExtResource("9_uo7di")]
transform = Transform3D(0.7171682, -0.25881904, 0.6470568, 0.19216464, 0.9659258, 0.17337836, -0.66988254, 0, 0.74246716, -23.212894, 10.048943, -54.777435)
metadata/footstep_surface = "stone"

[node name="Walls4" parent="statics" unique_id=1141679315 instance=ExtResource("9_uo7di")]
transform = Transform3D(0.6346361, 0, 0.7728111, 0.18456398, 0.97106344, -0.15156479, -0.75044864, 0.23882158, 0.6162719, 11.004983, 1.0720592, 13.04841)
metadata/foorstep_surface = "stone"

[node name="Walls7" parent="statics" unique_id=550151271 instance=ExtResource("9_uo7di")]
transform = Transform3D(0.6346361, 0, 0.7728111, 0.18456398, 0.97106344, -0.15156479, -0.75044864, 0.23882158, 0.6162719, 11.004983, 14.58803, 57.75186)
metadata/footstep_surface = "stone"

[node name="Walls9" parent="statics" unique_id=1763016452 instance=ExtResource("9_uo7di")]
transform = Transform3D(0.99465966, 0.10319432, -0.0017508183, -0.10320918, 0.99451643, -0.016873192, 0, 0.016963784, 0.999856, 38.21236, 13.981, 62.17348)
metadata/footstep_surface = "stone"

[node name="Walls11" parent="statics" unique_id=691481792 instance=ExtResource("9_uo7di")]
transform = Transform3D(0.99835086, -0.05739894, 0.00097384345, 0.057407208, 0.9982071, -0.016935809, 0, 0.016963784, 0.999856, 38.21236, 13.981, 58.188965)
metadata/footstep_surface = "stone"

[node name="Walls10" parent="statics" unique_id=1590976016 instance=ExtResource("9_uo7di")]
transform = Transform3D(1, 0, 0, 0, 0.9877863, -0.15581381, 0, 0.15581381, 0.9877863, 38.21236, 13.981, 66.16255)
metadata/footstep_surface = "stone"

[node name="Walls16" parent="statics" unique_id=1338304950 instance=ExtResource("9_uo7di")]
transform = Transform3D(1, 0, 0, 0, 0.999856, -0.016963782, 0, 0.016963782, 0.999856, 42.21236, 14.389342, 67.12645)
metadata/footstep_surface = "stone"

[node name="Walls19" parent="statics" unique_id=245507214 instance=ExtResource("9_uo7di")]
transform = Transform3D(1, 0, 0, 0, 0.999856, -0.016963782, 0, 0.016963782, 0.999856, 46.21236, 14.198602, 66.14644)
metadata/footstep_surface = "stone"

[node name="Walls20" parent="statics" unique_id=1881536752 instance=ExtResource("9_uo7di")]
transform = Transform3D(1, 0, 0, 0, 0.999856, -0.016963782, 0, 0.016963782, 0.999856, 50.21236, 13.981, 64.96233)
metadata/footstep_surface = "stone"

[node name="Walls21" parent="statics" unique_id=1528780984 instance=ExtResource("9_uo7di")]
transform = Transform3D(1, 0, 0, 0, 0.9925311, -0.12199059, 0, 0.12199059, 0.9925311, 54.21236, 13.981, 66.158585)
metadata/footstep_surface = "stone"

[node name="Walls22" parent="statics" unique_id=478081332 instance=ExtResource("9_uo7di")]
transform = Transform3D(1, 0, 0, 0, 0.999856, -0.016963782, 0, 0.016963782, 0.999856, 58.21236, 13.981, 66.13369)
metadata/footstep_surface = "stone"

[node name="Walls23" parent="statics" unique_id=1612034256 instance=ExtResource("9_uo7di")]
transform = Transform3D(1, 0, 0, 0, 0.999856, -0.016963782, 0, 0.016963782, 0.999856, 62.21236, 13.981, 66.1435)
metadata/footstep_surface = "stone"

[node name="Walls24" parent="statics" unique_id=97361851 instance=ExtResource("9_uo7di")]
transform = Transform3D(0.9935747, -0.10225159, -0.04851902, 0.112865746, 0.92703295, 0.35759088, 0.008414484, -0.36076945, 0.93261707, 66.46932, 13.981, 66.74713)
metadata/footstep_surface = "stone"

[node name="Walls25" parent="statics" unique_id=28835601 instance=ExtResource("9_uo7di")]
transform = Transform3D(0.82389873, -0.013978453, 0.56656444, 0.016963786, 0.999856, 7.415105e-10, -0.5664829, 0.009611077, 0.8240173, 66.21236, 14.026875, 63.132427)
metadata/footstep_surface = "stone"

[node name="Walls26" parent="statics" unique_id=5500552 instance=ExtResource("9_uo7di")]
transform = Transform3D(-3.8078593e-08, -0.4910406, 0.8711366, 0.016963761, 0.87101126, 0.49096993, -0.9998561, 0.014777776, 0.008329865, 66.21236, 13.981, 54.136814)
metadata/footstep_surface = "stone"

[node name="Walls33" parent="statics" unique_id=1837487655 instance=ExtResource("9_uo7di")]
transform = Transform3D(-4.371138e-08, 0, 0.9999999, 0.016963784, 0.999856, 7.4151046e-10, -0.999856, 0.016963782, -4.3705086e-08, 66.21236, 13.981, 58.129665)
metadata/footstep_surface = "stone"

[node name="Walls27" parent="statics" unique_id=575626051 instance=ExtResource("9_uo7di")]
transform = Transform3D(-4.359957e-08, 0.07148002, 0.997442, 0.01696379, 0.9972985, -0.07146975, -0.999856, 0.01692039, -0.0012126154, 66.21236, 13.981, 50.220448)
metadata/footstep_surface = "stone"

[node name="Walls28" parent="statics" unique_id=95094287 instance=ExtResource("9_uo7di")]
transform = Transform3D(-4.371138e-08, 0, 0.9999999, 0.016963784, 0.999856, 7.4151046e-10, -0.999856, 0.016963782, -4.3705086e-08, 66.21236, 13.981, 46.235462)
metadata/footstep_surface = "stone"

[node name="Walls29" parent="statics" unique_id=1633982123 instance=ExtResource("9_uo7di")]
transform = Transform3D(-4.371138e-08, 0, 0.9999999, -0.12760127, 0.9918254, -5.577628e-09, -0.9918254, -0.12760125, -4.335406e-08, 66.21236, 13.981, 42.227005)
metadata/footstep_surface = "stone"

[node name="Walls30" parent="statics" unique_id=1527544618 instance=ExtResource("9_uo7di")]
transform = Transform3D(0.38789403, -0.0065810992, 0.92168033, 0.016963786, 0.999856, 7.415106e-10, -0.9215477, 0.015635189, 0.38794985, 67.28701, 13.981, 38.27871)
metadata/footstep_surface = "stone"

[node name="Walls31" parent="statics" unique_id=221018973 instance=ExtResource("9_uo7di")]
transform = Transform3D(-4.371138e-08, 0, 0.9999999, 0.016963784, 0.999856, 7.4151046e-10, -0.999856, 0.016963782, -4.3705086e-08, 62.212357, 13.981, 38.217407)
metadata/footstep_surface = "stone"

[node name="Walls32" parent="statics" unique_id=843852734 instance=ExtResource("9_uo7di")]
transform = Transform3D(-4.371138e-08, -8.682472e-16, 0.9999999, -0.19404602, 0.9809923, -8.48202e-09, -0.9809923, -0.19404599, -4.288053e-08, 58.212357, 13.981, 38.213837)
metadata/footstep_surface = "stone"

[node name="Walls12" parent="statics" unique_id=607916015 instance=ExtResource("9_uo7di")]
transform = Transform3D(0.99818873, 0.060160056, 0, -0.0601514, 0.99804497, -0.016963784, -0.0010205422, 0.016933057, 0.999856, 36.165787, 13.981, 42.10359)

[node name="Walls13" parent="statics" unique_id=814740164 instance=ExtResource("9_uo7di")]
transform = Transform3D(0.9885756, -0.14932571, -0.02049756, 0.1507043, 0.98155755, 0.11761305, 0.0025568835, -0.11935845, 0.9928478, 36.165787, 13.981, 38.09837)

[node name="Walls14" parent="statics" unique_id=784858023 instance=ExtResource("9_uo7di")]
transform = Transform3D(1, 0, 0, 0, 0.999856, -0.016963782, 0, 0.016963782, 0.999856, 36.165787, 13.981, 46.090797)

[node name="Walls15" parent="statics" unique_id=1312115225 instance=ExtResource("9_uo7di")]
transform = Transform3D(1, 0, 0, 0, 0.999856, -0.016963782, 0, 0.016963782, 0.999856, 40.165787, 13.981, 38.08396)

[node name="Walls17" parent="statics" unique_id=474700438 instance=ExtResource("9_uo7di")]
transform = Transform3D(1, 0, 0, 0, 0.9937639, 0.1115036, 0, -0.1115036, 0.9937639, 44.165787, 13.981, 38.08649)
metadata/footstep_surface = "stone"

[node name="Walls18" parent="statics" unique_id=1599308654 instance=ExtResource("9_uo7di")]
transform = Transform3D(1, 0, 0, 0, 0.999856, -0.016963782, 0, 0.016963782, 0.999856, 48.165787, 13.981, 38.07892)
metadata/footstep_surface = "stone"

[node name="ground" type="Node" parent="." unique_id=1218908264 groups=["ground"]]

[node name="LevelLayout" type="StaticBody3D" parent="ground" unique_id=865853195 groups=["ground"]]
collision_mask = 6

[node name="MeshInstance3D" type="MeshInstance3D" parent="ground/LevelLayout" unique_id=32640974]
transform = Transform3D(1, 0, 0, 0, 1, 0, 0, 0, 1, -0.018898964, -5.0770187, -0.020799637)
mesh = SubResource("BoxMesh_5dli4")

[node name="CollisionShape3D" type="CollisionShape3D" parent="ground/LevelLayout" unique_id=427253245]
transform = Transform3D(1, 0, 0, 0, 1, 0, 0, 0, 1, 0, -5.077, 0)
shape = SubResource("BoxShape3D_uo7di")

[node name="CSGBox3D" type="CSGBox3D" parent="ground" unique_id=1904758274]
transform = Transform3D(1, 0, 0, 0, 1, 0, 0, 0, 1, -17.5, -1.1228848, -52.5)
use_collision = true
size = Vector3(35, 19.995, 35)
material = ExtResource("34_y8a40")

[node name="AirPiece" type="CSGSphere3D" parent="ground" unique_id=1503800613]
transform = Transform3D(0.6188653, -0.4243922, -0.6609817, -0.5907741, -0.80605143, -0.0355952, -0.517679, 0.41251963, -0.7495571, 24.437063, 37.219128, -70.15048)
use_collision = true
radius = 10.0
radial_segments = 7
rings = 4
smooth_faces = false
material = ExtResource("34_y8a40")

[node name="AirPiece2" type="CSGSphere3D" parent="ground" unique_id=1612823290]
transform = Transform3D(0.36314836, -0.8495817, 0.38253623, 0.92609274, 0.28402513, -0.24835944, 0.102351725, 0.4444555, 0.8899345, 10.760105, 29.339401, -69.78052)
use_collision = true
radius = 3.0
radial_segments = 7
rings = 4
smooth_faces = false
material = ExtResource("34_y8a40")

[node name="AirPiece3" type="CSGSphere3D" parent="ground" unique_id=1817171765]
transform = Transform3D(-0.35604542, 0.4400858, -0.8243518, 0.9260927, 0.28402507, -0.24835944, 0.12483714, -0.85185343, -0.5086861, 35.67946, 43.86827, -67.819725)
use_collision = true
radius = 2.0
radial_segments = 7
rings = 4
smooth_faces = false
material = ExtResource("34_y8a40")

[node name="CSGBox3D6" type="CSGBox3D" parent="ground" unique_id=940270754]
transform = Transform3D(1, 0, 0, 0, 1, 0, 0, 0, 1, 52.5, 2.94, 52.621548)
use_collision = true
size = Vector3(35, 26, 35)
material = ExtResource("34_y8a40")

[node name="CSGBox3D16" type="CSGBox3D" parent="ground" unique_id=160406459]
transform = Transform3D(-1, 1.1109854e-08, -8.6713975e-08, -1.90141e-08, 0.9405077, 0.33977228, 8.532998e-08, 0.33977228, -0.9405077, 52.538, -1.3286655, -22.892853)
use_collision = true
size = Vector3(34.924866, 22.360352, 33.837738)
material = ExtResource("34_y8a40")

[node name="CSGBox3D20" type="CSGBox3D" parent="ground" unique_id=1758614048]
transform = Transform3D(-1, 1.1109854e-08, -8.6713975e-08, -1.90141e-08, 0.9405077, 0.33977228, 8.532998e-08, 0.33977228, -0.9405077, 52.538, 9.889692, -20.987873)
use_collision = true
size = Vector3(34.925, 0, 29.787043)
material = ExtResource("33_irg3d")

[node name="CSGBox3D17" type="CSGBox3D" parent="ground" unique_id=2042101509]
transform = Transform3D(1, 1.8593987e-08, 4.492179e-09, -1.9014106e-08, 0.9405078, 0.33977234, 2.0928042e-09, -0.33977234, 0.9405078, 52.5, 0.509112, 22.671019)
use_collision = true
size = Vector3(35, 20.536133, 33.94336)
material = ExtResource("34_y8a40")

[node name="CSGBox3D21" type="CSGBox3D" parent="ground" unique_id=268888686]
transform = Transform3D(1, 1.8593987e-08, 4.492179e-09, -1.9014106e-08, 0.9405078, 0.33977234, 2.0928042e-09, -0.33977234, 0.9405078, 52.5, 10.815, 20.918)
use_collision = true
size = Vector3(35, 0, 30.214722)
material = ExtResource("33_irg3d")

[node name="CSGBox3D10" type="CSGBox3D" parent="ground" unique_id=430685450]
transform = Transform3D(1, 0, 0, 0, 1, 0, 0, 0, 1, 52.5, 1.94, -52.5)
use_collision = true
size = Vector3(35, 26, 35)
material = ExtResource("34_y8a40")

[node name="CSGBox3D4" type="CSGBox3D" parent="ground" unique_id=85621723]
transform = Transform3D(1, 0, 0, 0, 1, 0, 0, 0, 1, -52.5, -1.1228848, 0.06536865)
use_collision = true
size = Vector3(35, 19.995, 140.13074)
material = ExtResource("34_y8a40")

[node name="CSGBox3D12" type="CSGBox3D" parent="ground" unique_id=1391437625]
transform = Transform3D(1, 0, 0, 0, 1, 0, 0, 0, 1, 52.5993, -4.1228848, 1.5)
use_collision = true
size = Vector3(34.916504, 19.995, 37)
material = ExtResource("34_y8a40")

[node name="CSGBox3D22" type="CSGBox3D" parent="ground" unique_id=565068689]
transform = Transform3D(1, 0, 0, 0, 1, 0, 0, 0, 1, 52.599, 5.882, 1.5)
use_collision = true
size = Vector3(34.917, 0, 37)
material = ExtResource("33_irg3d")

[node name="CSGBox3D15" type="CSGBox3D" parent="ground" unique_id=2092543713]
transform = Transform3D(0.9449947, -0.32708597, 0, 0.32708597, 0.9449947, 0, 0, 0, 1, 27.747, -4.687, -1.406)
use_collision = true
size = Vector3(20.904053, 15.12607, 17.981445)
material = ExtResource("34_y8a40")

[node name="CSGBox3D19" type="CSGBox3D" parent="ground" unique_id=252775005]
transform = Transform3D(-0.107071616, -0.3092042, 0.94494885, 0.30920422, 0.8929284, 0.32721788, -0.94494903, 0.3272179, -4.1305025e-08, 30.188, -7.025, 14.985)
use_collision = true
size = Vector3(20.904053, 15.12607, 17.981445)
material = ExtResource("34_y8a40")

[node name="CSGBox3D18" type="CSGBox3D" parent="ground" unique_id=1428314778]
transform = Transform3D(-0.107071616, -0.3092042, -0.9449488, 0.30920422, 0.8929284, -0.32721788, 0.94494903, -0.3272179, -4.1305025e-08, 29.994, -6.64, -16.558)
use_collision = true
size = Vector3(18.307343, 15.12607, 17.981445)
material = ExtResource("34_y8a40")

[node name="CSGBox3D23" type="CSGBox3D" parent="ground" unique_id=1880270095]
transform = Transform3D(0.71805346, 0.69598806, 0, -0.69598806, 0.71805346, 0, 0, 0, 1, 4.615, 2.206, -52.511)
use_collision = true
size = Vector3(15.912041, 3.1519022, 34.95758)
material = ExtResource("34_y8a40")

[node name="CSGBox3D11" type="CSGBox3D" parent="ground" unique_id=1145461828]
transform = Transform3D(-4.3490306e-08, -0.10044852, 0.9949423, -4.3907447e-09, 0.9949423, 0.10044852, -1, 0, -4.371139e-08, -6.1644516, 1.7388103, 52.63)
use_collision = true
size = Vector3(35, 19.995, 84.83374)
material = ExtResource("34_y8a40")

[node name="CSGBox3D25" type="CSGBox3D" parent="ground" unique_id=1386985143]
transform = Transform3D(0.48718503, -0.011366358, 0.11189973, 0, 0.49744037, 0.050528143, -0.11247552, -0.04923311, 0.484691, -90.12126, 5.378006, 25.264076)
use_collision = true
size = Vector3(35, 19.995, 70.41748)
material = ExtResource("34_y8a40")

[node name="CSGBox3D14" type="CSGBox3D" parent="ground" unique_id=1798773505]
transform = Transform3D(-4.3490306e-08, -0.10044852, 0.9949423, -4.3907447e-09, 0.9949423, 0.10044852, -1, 0, -4.371139e-08, -0.12, 12.399, 52.63)
use_collision = true
size = Vector3(35, 0, 70.715515)
material = ExtResource("33_irg3d")

[node name="CSGBox3D2" type="CSGBox3D" parent="ground" unique_id=550097769 groups=["ground"]]
transform = Transform3D(1, 0, 0, 0, 1, 0, 0, 0, 1, -17.5, 8.875, -52.5)
use_collision = true
size = Vector3(35, 0, 35)
material = ExtResource("33_irg3d")

[node name="CSGBox3D7" type="CSGBox3D" parent="ground" unique_id=13395936 groups=["ground"]]
transform = Transform3D(1, 0, 0, 0, 1, 0, 0, 0, 1, 52.5, 14.953, -52.5)
use_collision = true
size = Vector3(35, 0, 35)
material = ExtResource("33_irg3d")

[node name="CSGBox3D13" type="CSGBox3D" parent="ground" unique_id=157737098 groups=["ground"]]
transform = Transform3D(1, 0, 0, 0, 1, 0, 0, 0, 1, 52.53296, 15.947, 52.622)
use_collision = true
size = Vector3(34.934082, 0, 35)
material = ExtResource("33_irg3d")

[node name="CSGBox3D5" type="CSGBox3D" parent="ground" unique_id=1862277220 groups=["ground"]]
transform = Transform3D(1, 0, 0, 0, 1, 0, 0, 0, 1, -52.5, 8.877, 0.063964844)
use_collision = true
size = Vector3(35, 0, 140.12793)
material = ExtResource("33_irg3d")

[node name="CSGBox3D3" type="CSGBox3D" parent="ground" unique_id=1639586597 groups=["ground"]]
transform = Transform3D(1, 0, 0, 0, 0.97437, -0.22495103, 0, 0.22495103, 0.97437, 17.5, 2.72, -52.347)
use_collision = true
size = Vector3(35, 2.7402344, 36.800537)
material = ExtResource("33_irg3d")

[node name="CSGBox3D8" type="CSGBox3D" parent="ground" unique_id=1623027872 groups=["ground"]]
transform = Transform3D(-4.0378794e-08, 0.6090106, 0.79316187, 1.6740309e-08, 0.793162, -0.6090106, -1, -1.131334e-08, -4.222196e-08, -29.475292, -1.678813, -1.7719997)
material_override = SubResource("StandardMaterial3D_y8a40")
use_collision = true
size = Vector3(14, 10, 21.608398)

[node name="CSGBox3D9" type="CSGBox3D" parent="ground" unique_id=344578097]
transform = Transform3D(-4.0378794e-08, 0.6090106, 0.79316187, 1.6740309e-08, 0.793162, -0.6090106, -1, -1.131334e-08, -4.222196e-08, -26.321478, 2.2090635, -1.7719997)
use_collision = true
size = Vector3(14, 0, 21.886719)
material = ExtResource("33_irg3d")

[node name="ambience" type="AudioStreamPlayer" parent="." unique_id=921728940]
stream = ExtResource("36_y8a40")
autoplay = true
bus = &"Music"
parameters/looping = true

[node name="PackAPunchMachine" parent="." unique_id=1184660181 instance=ExtResource("37_n1aqv")]
transform = Transform3D(1, 0, 0, 0, 1, 0, 0, 0, 1, -12.361374, 15.615268, 8.063523)
prompt_label_path = NodePath("Label")

[editable path="UI/Canv_HUD/HUD"]
[editable path="Player"]
[editable path="Player/HandsOverlay/SubViewportContainer/SubViewport/ViewCam"]
[editable path="Player/HandsOverlay/SubViewportContainer/SubViewport/ViewCam/WeaponRig/arms"]
